0	8	97	35	36	38	8	81	82	30
1	7	70	41	42	13	78	91	30
2	8	99	45	80	50	83	21	23	94
3	9	65	36	40	76	15	20	21	54	93
4	11	32	64	91	31	42	16	82	85	89	27	63
5	6	37	6	72	17	92	61
6	15	64	97	67	35	5	38	40	47	80	51	84	87	63	69	37
7	3	48	83	71
8	10	0	32	69	33	96	43	80	82	85	55
9	6	64	73	43	47	59	30
10	12	67	39	72	95	11	47	48	84	86	23	15	31
11	8	39	40	10	18	78	50	89	27
12	6	68	37	73	49	86	63
13	9	64	1	36	38	74	52	59	29	95
14	7	33	47	17	82	23	88	92
15	7	3	68	10	44	22	27	60
16	13	65	34	4	37	73	66	93	92	83	58	28	29	94
17	15	97	98	35	5	73	14	79	80	20	23	52	26	95	28	31
18	7	38	11	44	78	53	29	31
19	8	33	66	99	71	78	47	89	28
20	10	65	83	3	73	44	17	35	88	89	31
21	9	2	3	68	41	75	45	77	81	63
22	6	32	34	39	15	80	57
23	9	2	36	10	14	47	17	82	88	31
24	9	37	39	75	76	80	57	58	92	31
25	2	50	54
26	10	96	65	34	81	75	17	55	57	87	90
27	14	97	34	4	39	66	11	76	45	15	83	53	56	92	93
28	10	49	73	79	16	17	19	58	59	92	90
29	10	64	33	68	72	43	13	16	18	94	95
30	12	0	1	66	38	32	9	76	98	96	48	92	94
31	10	33	4	49	10	17	18	20	23	24	84
32	12	66	4	37	8	76	79	44	47	52	22	54	30
33	9	64	8	41	14	19	84	90	29	31
34	13	35	72	95	16	59	99	22	87	26	27	92	58	63
35	10	0	34	67	6	42	17	20	56	89	60
36	10	0	80	98	3	76	13	78	48	23	63
37	12	32	5	6	44	12	79	16	82	83	24	57	91
38	7	0	6	44	13	18	30	95
39	11	43	10	11	80	59	85	22	24	58	27	61
40	11	65	3	68	6	97	72	41	11	76	73	62
41	14	1	33	40	43	46	83	52	21	86	88	71	91	61	85
42	11	64	1	35	4	76	78	79	83	53	89	95
43	14	64	96	83	99	39	8	9	81	51	73	41	59	29	94
44	8	32	37	38	71	73	15	18	20
45	10	2	79	80	21	56	89	27	92	93	85
46	8	96	41	77	79	49	56	62	95
47	10	32	6	9	10	55	14	19	84	23	95
48	9	65	36	69	7	10	81	59	30	95
49	10	66	72	12	46	80	81	82	28	93	31
50	14	84	97	66	70	11	2	81	82	83	52	89	25	61	94
51	5	99	95	43	6	79
52	7	32	98	71	41	13	17	50
53	8	98	42	75	78	18	90	27	93
54	10	32	96	66	3	69	71	55	88	25	90
55	9	64	66	68	8	47	54	26	79	92
56	8	35	45	46	79	81	99	27	93
57	8	65	37	74	78	22	24	26	58
58	8	64	34	39	71	16	24	57	28
59	10	34	69	39	9	43	13	48	83	85	28
60	8	35	73	74	78	15	87	93	62
61	6	5	39	41	79	50	69
62	5	40	88	60	46	71
63	8	34	4	69	6	12	21	86	36
64	18	96	33	71	4	6	65	9	42	43	13	75	99	84	82	55	89	58	29
65	12	64	48	3	71	40	73	16	67	20	57	26	91
66	14	32	97	98	87	76	16	49	50	19	84	54	55	27	30
67	6	65	35	6	70	10	84
68	8	40	74	12	15	81	21	55	29
69	13	98	86	6	8	73	79	48	81	84	54	59	61	63
70	6	96	1	67	50	83	90
71	16	64	65	96	7	41	44	77	78	81	19	52	94	54	58	93	62
72	9	34	99	5	40	10	49	87	90	29
73	13	65	69	40	9	43	12	44	16	17	20	89	28	60
74	6	68	13	82	87	57	60
75	8	64	97	21	24	26	91	90	53
76	9	32	66	3	36	40	42	24	27	30
77	3	21	46	71
78	14	96	1	99	36	71	42	11	82	18	19	53	57	60	93
79	14	32	37	42	45	46	17	51	55	56	91	28	61	94	69
80	14	2	36	49	6	39	8	45	17	84	85	22	24	93	95
81	13	0	68	69	71	43	48	49	50	21	86	87	56	26
82	12	0	64	4	37	8	74	14	49	50	78	23	93
83	12	2	59	37	70	7	41	42	43	16	50	20	27
84	11	64	33	66	67	69	6	10	47	80	50	31
85	9	4	39	8	41	45	80	88	90	59
86	7	96	69	41	10	12	81	63
87	8	66	6	72	74	34	81	26	60
88	8	41	94	14	20	85	54	23	62
89	11	64	35	4	73	42	11	45	50	19	20	91
90	9	33	70	72	75	53	54	26	28	85
91	10	1	98	4	37	65	41	75	79	89	92
92	12	34	91	5	45	14	16	55	24	98	27	28	30
93	13	80	3	97	71	45	78	16	49	82	53	56	27	60
94	9	2	71	43	79	16	50	88	29	30
95	13	96	51	34	38	80	10	13	46	47	48	17	42	29
96	13	64	98	86	70	71	8	43	46	78	54	26	30	95
97	10	0	66	99	6	40	75	17	50	27	93
98	10	96	66	36	69	17	52	53	91	92	30
99	10	64	51	2	97	72	43	34	78	19	56
