0	16	1	2	3	4	5	6	7	8	10	11	12	13	17	19	21	31
1	9	0	2	3	7	13	17	19	21	30
2	10	0	1	3	32	7	8	9	13	27	28
3	6	0	1	2	7	12	13
4	3	0	10	6
5	4	0	16	10	6
6	4	0	16	4	5
7	4	0	1	2	3
8	5	0	32	2	30	33
9	2	33	2
10	3	0	4	5
11	1	0
12	2	0	3
13	5	0	1	2	3	33
14	2	32	33
15	2	32	33
16	2	5	6
17	2	0	1
18	2	32	33
19	3	0	1	33
20	2	32	33
21	2	0	1
22	2	32	33
23	5	32	25	27	29	33
24	3	25	27	31
25	3	24	31	23
26	2	33	29
27	4	24	33	2	23
28	3	33	2	31
29	4	32	33	26	23
30	4	8	1	33	32
31	6	0	33	32	24	25	28
32	12	33	2	8	14	15	18	20	22	23	29	30	31
33	17	32	8	9	13	14	15	18	19	20	22	23	26	27	28	29	30	31
